id	label	x	y	cluster	weight<Links>	weight<Total link strength>	weight<Occurrences>	score<Avg. pub. year>	score<Avg. citations>	score<Avg. norm. citations>
1	1-year mortality	0.6518	-0.0454	14	15	15	2	2021.5	1.5	0.145
2	2nd-line chemotherapy	1.6955	-0.2993	3	9	9	1	2024	3	2.1045
3	abbreviated injury score	-0.1864	-0.1811	20	9	9	1	2020	22	1.0958
4	access	0.3873	0.7223	1	18	18	2	2023.5	2.5	0.6826
5	accuracy	0.1084	-0.3757	6	18	22	3	2021	66.3333	2.162
6	accurate	-0.1131	0.3407	24	9	9	1	2020	72	3.5862
7	acute decompensation	0.2141	-0.3085	4	7	7	1	2020	8	0.3985
8	administrative data	-0.6229	-0.6179	5	9	9	1	2021	6	0.6495
9	admission	-0.0116	-0.4797	6	12	12	2	2020	90	1.8401
10	admissions	-0.837	-0.2139	8	16	17	3	2023	7.3333	1.3273
11	adolescent	-0.4853	0.3749	10	4	4	1	2020	21	1.046
12	adult	0.6843	-0.1304	14	9	9	1	2021	1	0.1082
13	adults	-0.7665	-0.0027	16	17	17	5	2022.8	11.4	1.2164
14	advance care	-0.1306	-0.2625	5	8	8	1	2023	13	2.1572
15	advance directives	0.1675	0.3703	10	17	18	2	2020	31.5	1.9676
16	advanced cancer	-0.1148	-0.0744	20	28	31	5	2021.2	8.6	0.6853
17	age	0.8201	-0.1462	14	15	15	2	2022	4	0.6349
18	agenda	0.6363	-0.2755	4	10	11	2	2018	13	0.2176
19	aggressiveness	0.2262	0.0053	7	16	20	3	2021.6667	13.6667	1.4329
20	agreement	0.651	-0.2269	4	3	3	1	2018	17	0.2845
21	aki	-0.7146	0.257	2	5	5	1	2023	1	0.1659
22	algorithm	0.2608	-0.4783	6	9	9	1	2023	4	0.6638
23	algorithms	-0.5111	-0.8116	11	8	8	1	2023	1	0.1659
24	american society	-0.5764	-0.0286	16	18	22	3	2022.6667	8.3333	1.5717
25	analytics	0.4383	-0.0417	7	9	9	1	2020	8	0.3985
26	anxiety	-0.669	-0.2518	8	14	14	2	2023	4.5	1.325
27	apache-ii	-0.3306	-0.9181	11	9	9	1	2020	24	1.1954
28	article	-0.5242	-0.8184	11	8	8	1	2023	1	0.1659
29	artificial neural-networks	-0.2391	-0.6016	5	9	9	1	2022	13	1.1818
30	artificial-intelligence	0.3135	0.0588	19	46	54	10	2023.4	4.5	1.1624
31	assessments	-0.5591	0.1276	2	7	7	1	2024	1	0.7015
32	association	0.5513	-0.0089	14	18	18	2	2020	17.5	0.4521
33	associations	-0.164	0.3465	22	35	47	6	2022.1667	17	1.1858
34	atezolizumab	1.3591	-0.0945	3	9	9	1	2024	1	0.7015
35	attitudes	0.227	0.9376	1	3	3	1	2022	2	0.1818
36	bad-news	0.3286	0.903	1	7	7	1	2023	1	0.1659
37	barriers	-0.6482	-0.4258	5	24	24	3	2023	3	0.918
38	behavior	0.6053	-0.3182	4	8	8	1	2018	9	0.1506
39	benefit	-0.1348	-0.5902	13	2	2	1	2023	1	0.1659
40	bias	-1.1668	0.2463	9	6	6	1	2024	1	0.7015
41	big data	-0.2897	-0.4225	11	39	40	6	2021.1667	40.5	1.4123
42	bilirubin	0.1973	-0.3084	4	7	7	1	2020	8	0.3985
43	biomarkers	1.2449	0.0085	3	11	11	2	2023.5	0.5	0.3507
44	blood urea nitrogen	0.0656	-0.0835	12	9	9	1	2021	3	0.3247
45	bone metastases	0.1395	-0.8689	13	11	12	2	2023.5	7.5	2.8512
46	brain-computer interface	0.7756	0.6555	1	6	6	1	2024	4	2.806
47	brain-injury	0.6973	-0.1198	14	9	9	1	2021	1	0.1082
48	breast-cancer	-0.4253	0.5116	21	35	36	6	2022.3333	11.6667	0.6611
49	breathlessness	-0.8283	0.09	16	13	13	2	2023	7	0.6364
50	burden	-0.2912	0.6216	21	4	4	1	2024	2	1.403
52	cancer	0.2681	0.0506	10	77	90	14	2022.9286	13.3571	1.5132
53	cancer pain	1.1172	0.1261	3	2	2	1	2023	0	0
54	cancer statistics	0.0856	-0.2294	4	3	3	1	2025	0	0
55	cancer-patients	-0.5381	0.0308	15	14	14	2	2021.5	4	0.3723
56	carcinoma	-0.7759	0.3515	2	9	9	1	2023	2	0.3319
57	carcinomatosis	0.1106	0.833	24	5	5	1	2020	23	1.1456
58	cardiopulmonary-resuscitation video	0.4774	0.3615	17	9	9	1	2023	12	1.9913
59	care	0.2748	-0.2583	19	55	70	13	2020.8462	19.3846	0.7331
60	care communication	0.3155	0.8927	1	7	7	1	2023	1	0.1659
61	caregivers	-0.4975	0.1135	2	13	13	3	2022.6667	3.6667	0.6171
63	chemotherapy	1.2008	-0.1184	3	15	15	2	2023.5	1.5	0.5167
64	chronic kidney-disease	-0.611	0.6041	15	9	9	1	2024	1	0.7015
65	circadian-rhythm	-0.0172	0.5854	18	7	7	1	2023	6	0.9956
66	classification	-0.029	-0.7374	6	48	57	7	2021.5714	27.4286	2.2276
67	clinical comorbidity index	-0.6305	-0.6042	5	9	9	1	2021	6	0.6495
68	clinical decision-support	0.0408	-0.0708	12	9	9	1	2021	3	0.3247
69	clinical information	-0.2161	0.8514	22	9	9	1	2022	8	0.7273
70	clinical notes	0.2417	0.7516	1	9	9	1	2023	4	0.6638
71	clinical oncology	-0.4355	-0.1802	16	10	13	2	2023	5.5	1.7212
72	clinical utility	-0.6539	0.8884	21	4	4	1	2020	26	1.295
73	clinical-features	0.1425	-0.9429	13	6	6	1	2024	6	4.209
74	clinical-practice	0.2672	-1.0301	6	9	9	1	2024	4	2.806
75	clinician	-1.1558	0.2552	9	6	6	1	2024	1	0.7015
76	code	-0.1925	-0.1533	20	9	9	1	2020	22	1.0958
77	cognitive impairment	1.0355	0.3297	7	9	9	1	2024	6	4.209
78	colorectal-cancer	-0.0163	0.5533	18	11	12	2	2023.5	3	0.4978
79	communication	0.3647	0.1809	17	52	62	12	2021.75	10.0833	1.6055
80	community engagement	0.2455	-0.5031	6	9	9	1	2023	4	0.6638
81	complexity	0.4496	-0.5618	19	3	3	1	2019	13	0.3043
82	concordance	0.2432	0.7325	1	9	9	1	2023	4	0.6638
83	concordant care	0.1572	0.4442	10	9	9	1	2021	29	3.1392
84	conflict	-0.2862	-0.51	11	2	2	1	2023	7	1.1616
85	consultation	0.1149	0.1122	12	18	18	2	2022.5	5	0.5412
87	conversations	-0.2329	0.8414	22	9	9	1	2022	8	0.7273
88	cortex	0.7627	0.6527	1	6	6	1	2024	4	2.806
89	cost savings	0.3645	-0.1084	12	9	9	1	2021	10	1.0825
90	cost-effectiveness	0.0464	-0.0904	12	9	9	1	2021	3	0.3247
91	costs	-0.6216	-0.591	5	9	9	1	2021	6	0.6495
92	cough	-0.8935	0.0445	16	4	4	1	2024	0	0
93	covariate	-0.7672	0.3685	2	9	9	1	2023	2	0.3319
94	covid-19	-0.6455	0.8823	21	4	4	1	2020	26	1.295
95	crib ii	-0.3734	-0.4946	12	2	2	1	2024	2	1.403
96	criteria	-0.4687	-0.5493	11	20	20	3	2023.3333	2.6667	0.2674
97	critically-ill patients	-0.5623	-0.3603	9	3	3	1	2023	5	0.8297
98	de-identification	-0.0342	0.4442	21	2	2	1	2024	3	2.1045
99	death	-0.3408	0.2075	8	54	64	12	2022.1667	16.5	1.2249
100	decision aid	-1.1484	0.2442	9	6	6	1	2024	1	0.7015
101	decision-making	-0.1119	0.5209	22	25	27	3	2023	7.6667	1.0721
103	delirium	1.0597	0.3127	7	9	9	1	2024	6	4.209
104	dementia	0.2653	-1.0625	6	9	9	1	2024	4	2.806
105	department visits	-0.8942	-0.2362	8	1	1	1	2023	2	0.3319
106	depression	-0.5968	0.1846	15	5	5	1	2021	1	0.1082
107	determinants	-0.2882	0.0678	21	5	5	1	2019	40	0.9365
108	diabetic-retinopathy	0.21	0.2669	10	9	9	1	2019	34	0.796
109	diagnosis	-0.6219	0.3184	2	19	19	3	2024	1.3333	0.5783
110	diagnosis tripod	0.8271	-0.3647	19	4	4	1	2023	2	0.3319
111	diagnostic-test	-0.4194	-0.8749	11	17	17	2	2021.5	12.5	0.6807
112	discovery	-0.6517	0.8738	21	4	4	1	2020	26	1.295
113	discussions	-0.1272	0.3133	24	42	55	8	2022	17.875	1.1535
114	disease	0.0328	-0.7783	13	22	24	3	2022.6667	37.6667	3.8969
115	doctor	0.6219	-0.3187	4	8	8	1	2018	9	0.1506
116	documentation	0.1162	0.8752	24	6	6	2	2022.5	12	3.0728
117	donors	-1.156	0.0406	9	6	6	1	2021	18	1.9485
118	double-blind	1.6669	-0.3237	3	9	9	1	2024	3	2.1045
119	duration	0.0985	-0.4823	6	12	13	2	2019.5	99	2.8923
120	durvalumab	1.3507	-0.0781	3	9	9	1	2024	1	0.7015
121	dying patients	0.4546	0.3418	17	9	9	1	2023	12	1.9913
122	dysfunction	0.0226	-0.5998	23	9	9	1	2025	1	5
123	early palliative care	-0.2927	-0.0215	20	11	12	2	2021	8.5	0.9201
124	efficacy	1.3442	-0.1048	3	9	9	1	2024	1	0.7015
125	elderly emergency	1.0718	0.3239	7	9	9	1	2024	6	4.209
126	elderly-patients	-0.2406	-0.6316	5	9	9	1	2022	13	1.1818
127	electronic health record	0.112	0.1841	17	11	12	2	2022	11	1.6234
128	electronic health records	-0.7381	0.1525	16	9	9	1	2022	14	1.2727
129	emergency	-0.1769	-0.5229	13	2	2	1	2021	6	0.6495
130	emergency-department	-0.7829	-0.1944	8	15	16	2	2023	10	1.825
131	end	-0.1025	-0.0247	25	121	193	30	2022.3	11.9	1.3527
132	end-of-life	-0.3357	0.0345	20	12	15	3	2021.6667	6.6667	0.5463
133	enrollment	-0.4792	-0.2489	5	4	4	1	2022	3	0.2727
134	ensemble trees	0.139	-0.7682	13	6	6	1	2023	9	1.4934
135	eortc qlq-c30	-0.7234	0.0623	2	6	6	1	2025	0	0
136	epidemiology	-0.7427	0.3088	2	14	14	2	2023	1.5	0.2489
137	ethnic-differences	-0.2993	0.4031	10	9	9	1	2023	3	0.4978
138	exercise intervention	0.2132	0.3126	18	3	3	1	2023	6	0.9956
139	experience	0.2435	0.6373	1	10	10	2	2024	2	0.3319
140	facilitators	-0.2495	0.832	22	9	9	1	2022	8	0.7273
141	failure	0.196	-0.2913	4	7	7	1	2020	8	0.3985
142	fall risk	1.057	0.3502	7	9	9	1	2024	6	4.209
143	families	0.1459	-0.4355	6	4	4	1	2021	27	2.9227
144	family-centered care	-0.95	-0.7475	25	2	2	1	2023	25	4.1485
145	feature-selection	0.2563	-1.0462	6	9	9	1	2024	4	2.806
146	feeling heard	0.2604	0.7418	1	9	9	1	2023	4	0.6638
147	frailty	0.6444	-0.0711	14	14	14	3	2021	5	0.3096
148	gastroesophageal junction	1.6599	-0.3088	3	9	9	1	2024	3	2.1045
149	glasgow coma scale	-0.2014	-0.1698	20	9	9	1	2020	22	1.0958
150	goal-concordant care	-0.1205	0.6878	15	6	6	1	2024	1	0.7015
151	goals	-0.1295	0.0666	23	8	10	3	2023	5.3333	1.9157
152	gradient boosting machine	-0.6381	-0.0953	8	6	6	1	2022	5	0.4545
153	growth	-0.606	-0.5924	5	9	9	1	2021	6	0.6495
154	guide	-0.0037	0.592	18	7	7	1	2023	6	0.9956
155	guidelines	-1.0868	0.1519	9	7	7	2	2022.5	2.5	0.2648
156	harms	-0.133	-0.2817	5	8	8	1	2023	13	2.1572
157	health	0.0784	0.2297	7	80	118	23	2022.3478	14.4348	1.3972
158	health records	-0.3965	-0.3488	8	6	6	1	2019	27	0.6321
159	health-care	-0.2663	-0.4954	11	8	8	2	2022	16.5	1.988
160	hemodiafiltration	-0.6001	0.6188	15	9	9	1	2024	1	0.7015
161	hemodialysis	-0.6183	0.6205	15	9	9	1	2024	1	0.7015
162	hemoglobin	1.5588	-0.0749	3	3	3	1	2021	7	0.7577
163	heterogeneity	-0.5244	-0.8329	11	8	8	1	2023	1	0.1659
164	high-risk	0.4232	-0.0219	7	9	9	1	2020	8	0.3985
165	home dialysis	-0.6256	0.6367	15	9	9	1	2024	1	0.7015
167	hospital mortality	0.5966	0.0446	7	6	6	1	2022	2	0.1818
168	hospitalized-patients	-0.717	0.1554	16	9	9	1	2022	14	1.2727
169	hypercalcemia	-0.5611	0.11	2	7	7	1	2024	1	0.7015
170	hyponatremia	0.2129	-0.2911	4	7	7	1	2020	8	0.3985
171	icd-9-cm	-0.5983	-0.6061	5	9	9	1	2021	6	0.6495
172	icu	-1.1212	0.2256	9	9	9	2	2023	2.5	0.5326
173	identification	0.1334	0.4238	10	9	9	1	2021	29	3.1392
174	ill patients	0.1339	0.0578	17	17	18	2	2023.5	8	1.5953
175	illness	0.2948	0.1909	17	2	2	1	2020	10	0.4981
176	imagery	0.7767	0.6687	1	6	6	1	2024	4	2.806
177	impact	0.8074	-0.2987	19	12	12	3	2023.3333	1.3333	0.2213
179	implementation	-0.1435	0.1774	12	16	16	3	2023.6667	4	0.6638
180	improve	0.4436	-0.0198	7	9	9	1	2020	8	0.3985
181	in-person	0.5049	0.8303	1	13	13	2	2024	2	1.403
182	index	0.8558	-0.1693	14	16	16	3	2022.6667	4	0.5887
183	indicators	0.1359	0.4445	10	9	9	1	2021	29	3.1392
184	individual prognosis	0.836	-0.3718	19	4	4	1	2023	2	0.3319
185	information	-0.0883	0.3949	21	28	33	5	2022.6	9.8	1.0425
186	infrastructure	-0.7086	0.0674	2	6	6	1	2025	0	0
187	inpatient	-0.8067	-0.1484	8	7	7	1	2022	17	1.5455
188	inpatient mortality	0.4839	-0.4428	4	2	2	1	2022	4	0.3636
189	integration	-0.5844	0.2208	10	20	20	3	2022	12	1.0067
190	intelligence	-0.2218	-0.6079	5	9	9	1	2022	13	1.1818
191	intensity	-0.3934	0.3826	10	13	13	2	2021.5	12	0.7719
192	intensive-care units	0.0627	-0.2819	4	3	3	1	2022	23	2.0909
193	internet	-0.296	0.632	21	4	4	1	2024	2	1.403
194	interpreter services	0.5086	0.7088	1	9	9	1	2024	1	0.7015
195	interstitial lung-disease	-0.9042	0.0481	16	4	4	1	2024	0	0
196	intervention	-0.0145	0.1082	12	18	18	2	2022.5	1.5	0.1624
197	interventions	0.5328	0.6968	1	9	9	1	2024	1	0.7015
198	knowledge	0.2271	0.9287	1	3	3	1	2022	2	0.1818
199	language	0.6557	0.6237	1	17	17	5	2022.8	7.6	1.4553
200	length	-0.2987	0.3813	10	9	9	1	2023	3	0.4978
201	lessons	-0.6604	0.8799	21	4	4	1	2020	26	1.295
202	level	0.3193	-0.2501	4	3	3	1	2025	0	0
203	life	0.3101	-0.1702	7	34	47	8	2022.5	8	1.0115
204	life care	0.1192	0.2188	17	9	9	1	2023	15	2.4891
205	life communication	-0.2328	0.86	22	9	9	1	2022	8	0.7273
206	life discussions	0.4736	0.3429	17	9	9	1	2023	12	1.9913
207	life-sustaining therapy	-1.1594	0.235	9	6	6	1	2024	1	0.7015
208	life-sustaining treatment	-1.1501	0.0278	9	6	6	1	2021	18	1.9485
209	linking	-0.4428	-0.2739	8	5	5	1	2022	6	0.5455
210	location	-0.1037	0.6854	15	6	6	1	2024	1	0.7015
211	logistic-regression	-0.1923	-0.3625	5	17	18	2	2022	11.5	1.0455
212	lung	0.1118	0.0323	17	5	5	3	2023.6667	1.6667	0.9906
213	machine learning-model	0.1547	-0.7654	13	6	6	1	2023	9	1.4934
214	maintenance dialysis	-0.6367	0.6223	15	9	9	1	2024	1	0.7015
215	management	-0.835	0.2752	9	22	22	4	2023	2.5	0.5961
216	matters	0.6591	-0.2303	4	3	3	1	2018	17	0.2845
217	mechanical ventilation	-1.1636	0.0235	9	6	6	1	2021	18	1.9485
219	medical interpreters	0.5145	0.6902	1	9	9	1	2024	1	0.7015
220	medical literature	-0.4984	-0.8189	11	8	8	1	2023	1	0.1659
221	medical patients	1.0706	0.3406	7	9	9	1	2024	6	4.209
222	medical-care	0.3244	0.2998	17	16	18	2	2023	13.5	2.2402
223	medicare beneficiaries	-0.2807	0.3929	10	9	9	1	2023	3	0.4978
224	men	-0.0691	0.2811	12	9	9	1	2024	0	0
225	mental status	1.0434	0.3153	7	9	9	1	2024	6	4.209
226	mental-health	-0.105	0.1675	24	9	9	1	2022	10	0.9091
227	metaanalysis	0.241	-0.4825	6	9	9	1	2023	4	0.6638
228	metastasis	0.1232	0.8313	24	5	5	1	2020	23	1.1456
229	missing data	-0.5119	-0.8408	11	8	8	1	2023	1	0.1659
230	mobile	-0.4824	0.3149	9	3	3	1	2024	1	0.7015
231	model	0.3746	-0.3277	4	26	29	5	2021.8	4.4	0.3228
232	models	-0.5704	-0.2428	9	33	35	6	2021.3333	28.3333	1.5296
233	morbidity	-0.4013	-0.7172	5	26	27	3	2021	14.3333	1.0089
234	mortality	-0.2291	-0.2866	12	49	58	10	2021.9	23.4	1.1733
235	mortality-related factors	-0.4036	0.2304	2	9	9	1	2025	0	0
236	mri	0.2843	-1.062	6	9	9	1	2024	4	2.806
237	multicenter	1.5296	-0.2133	3	17	18	2	2024	2	1.403
238	multiple	0.116	0.8966	24	1	1	1	2025	1	5
239	multivariable prediction model	0.8379	-0.3602	19	4	4	1	2023	2	0.3319
240	near-death	-0.2716	-0.0114	20	8	11	2	2022.5	5.5	0.5954
241	need	-0.4623	-0.4944	5	17	17	2	2022	9.5	1.4033
242	needs	0.431	1.0199	1	3	3	1	2024	0	0
243	neural-network	0.2947	-1.0462	6	9	9	1	2024	4	2.806
244	neural-networks	-0.7319	-0.1244	8	12	13	2	2022	11	1
245	new-zealand	-0.6074	0.6352	15	9	9	1	2024	1	0.7015
246	nivolumab	1.683	-0.3268	3	9	9	1	2024	3	2.1045
247	noise	0.6171	-0.3433	4	8	8	1	2018	9	0.1506
248	nurses	0.3305	0.959	1	13	13	3	2023	1	0.1159
249	nursing-home residents	-0.4192	0.2481	2	9	9	1	2025	0	0
250	o-possum	-0.3208	-0.9438	11	9	9	1	2020	24	1.1954
251	oasis	0.286	-1.03	6	9	9	1	2024	4	2.806
252	of-life	-0.1797	-0.2762	23	24	31	5	2023.4	7	2.6902
253	of-life care	-0.0819	0.1991	10	60	73	9	2021.6667	15.8889	1.2377
254	older	0.6764	-0.1069	14	9	9	1	2021	1	0.1082
255	older-adults	0.7569	0.1452	7	24	24	3	2022.3333	6	1.8244
256	oncologists	-0.4077	0.1035	2	4	4	1	2020	9	0.4483
257	oncology	0.3305	0.606	1	40	48	8	2022.125	11.625	0.9665
258	oncology care	-0.7253	0.1375	16	9	9	1	2022	14	1.2727
259	open-label	1.3356	-0.0884	3	9	9	1	2024	1	0.7015
260	opioid stigma	-0.7683	-0.2557	8	9	9	1	2024	3	2.1045
261	opportunities	-0.233	0.8229	22	9	9	1	2022	8	0.7273
262	osteoporotic fracture	-0.2229	-0.6262	5	9	9	1	2022	13	1.1818
263	outcomes	-0.4615	0.1779	2	43	47	8	2022	6.75	0.5986
264	outpatient	-0.9607	-0.4208	23	2	2	1	2024	0	0
265	pain	-0.5744	0.1202	2	7	7	1	2024	1	0.7015
266	palliative care	-0.2342	-0.0083	23	102	131	24	2022.5	5.7083	0.9927
267	palliative care consultation	-0.8472	0.1629	16	11	12	2	2022	9	0.8182
268	palliative care interventions	0.6102	0.0504	7	6	6	1	2022	2	0.1818
269	palliative prognostic score	0.9545	-0.1722	14	6	6	1	2023	7	1.1616
270	parent	-0.1151	0.6723	15	6	6	1	2024	1	0.7015
271	pathophysiology	0.1275	-0.9436	13	6	6	1	2024	6	4.209
272	patient	-0.2273	0.6412	15	30	31	5	2023	4.6	0.8434
274	patterns	0.4582	-0.5645	19	3	3	1	2019	13	0.3043
275	pediatric intensive-care	-1.1693	0.0365	9	6	6	1	2021	18	1.9485
276	people	-0.5541	-0.4464	5	17	17	4	2023	2.25	0.2306
277	perceptions	0.4563	0.9832	1	7	7	2	2024	1.5	1.0522
278	performance	0.1713	-0.5091	6	17	18	2	2020.5	87.5	1.7628
279	performance scale	0.9391	-0.1828	14	6	6	1	2023	7	1.1616
280	peritoneal-dialysis	-0.6294	0.6059	15	9	9	1	2024	1	0.7015
282	physician communication	0.2763	0.825	1	14	16	2	2023	2.5	0.4148
283	physicians	-0.0696	-0.0892	20	16	17	2	2022.5	6	0.9461
284	place	-0.7884	-0.1475	8	7	7	1	2022	17	1.5455
285	planning documentation	-0.2493	0.8506	22	9	9	1	2022	8	0.7273
286	plus chemotherapy	1.6825	-0.2894	3	9	9	1	2024	3	2.1045
288	population	-0.7853	0.3743	2	9	9	1	2023	2	0.3319
289	predicting death	0.0603	-0.0642	12	9	9	1	2021	3	0.3247
290	predicting mortality	0.0369	-0.6189	23	9	9	1	2025	1	5
291	prediction	0.2439	-0.6562	6	30	34	5	2021.6	42.8	2.0124
292	predictions	-0.3855	-0.2272	16	9	10	2	2024	2	1.403
293	predictor	-0.0097	0.6058	18	7	7	1	2023	6	0.9956
294	predictors	-0.7622	-0.2377	8	9	9	1	2024	3	2.1045
295	preferences	-0.1073	0.4482	10	29	37	6	2022.6667	18.6667	1.5144
296	preoperative evaluation	-0.1025	-0.7025	13	9	9	1	2019	106	2.4816
297	prevalence	-0.6809	-0.0515	8	16	16	3	2023.3333	1.3333	0.7376
298	preventive-care	1.0543	0.3312	7	9	9	1	2024	6	4.209
299	professional interpreters	0.527	0.7153	1	9	9	1	2024	1	0.7015
300	prognosis	-0.2237	-0.0713	4	32	35	5	2023.2	3.2	0.3473
301	prognostic awareness	-0.1158	0.2391	24	14	18	2	2021	41	2.2476
302	prognostic index	0.5181	0.0123	7	15	15	2	2021	5	0.2901
303	prognostic score	0.1442	-0.1414	20	9	9	1	2024	1	0.7015
304	prognostic-factors	-0.1233	-0.7054	13	9	9	1	2019	106	2.4816
305	program	0.3606	-0.1284	12	9	9	1	2021	10	1.0825
306	progression	0.2754	-1.046	6	9	9	1	2024	4	2.806
307	project	-0.1737	-0.1549	20	9	9	1	2020	22	1.0958
308	prophylaxis	0.7659	-0.2538	19	2	2	1	2024	0	0
309	prospective validation	0.9424	-0.1682	14	6	6	1	2023	7	1.1616
310	prostate-cancer	0.1425	-0.9286	13	6	6	1	2024	6	4.209
311	psychological distress	-0.6091	0.1874	15	5	5	1	2021	1	0.1082
312	quality	-0.2027	0.2233	16	31	36	4	2022	15.75	1.1394
313	quality indicators	-0.2163	0.8325	22	9	9	1	2022	8	0.7273
314	quality measurement	0.1546	0.424	10	9	9	1	2021	29	3.1392
315	quality oncology practice	-0.1518	0.0248	23	4	4	1	2024	0	0
316	quality-of-life	-0.2026	0.2912	18	34	40	7	2022.1429	14.1429	1.0813
317	questionnaire	-0.7822	-0.2435	8	9	9	1	2024	3	2.1045
318	race	-0.2902	0.304	10	11	12	2	2024	1.5	0.2489
319	radiation	1.5505	-0.0775	3	3	3	1	2021	7	0.7577
320	radiomics	0.1274	-0.9293	13	6	6	1	2024	6	4.209
321	radiotherapy	1.5524	-0.0689	3	3	3	1	2021	7	0.7577
322	rainbow	1.6668	-0.2938	3	9	9	1	2024	3	2.1045
323	random forest	-0.3158	-0.912	11	9	9	1	2020	24	1.1954
324	randomized phase-iii	1.6956	-0.3159	3	9	9	1	2024	3	2.1045
325	randomized-trial	0.4867	0.9387	1	4	4	1	2024	3	2.1045
326	recall	-0.0736	0.3001	12	9	9	1	2024	0	0
327	record data	0.4877	-0.4474	4	2	2	1	2022	4	0.3636
328	registry	-0.7111	0.0521	2	6	6	1	2025	0	0
329	regularization	-0.0306	0.5918	18	7	7	1	2023	6	0.9956
330	rehabilitation	-0.896	0.0558	16	4	4	1	2024	0	0
331	reliability	-0.8181	-0.0102	16	1	1	1	2022	40	3.6364
332	reported outcomes	-0.9547	-0.4209	23	2	2	1	2024	0	0
333	research agenda	0.3113	0.9094	1	7	7	1	2023	1	0.1659
334	rib fractures	0.6697	-0.1221	14	9	9	1	2021	1	0.1082
335	risk	0.1122	-0.6239	6	40	53	8	2022.25	29.25	2.0973
336	risk adjustment	-0.6072	-0.6193	5	9	9	1	2021	6	0.6495
337	risk-factor	-0.2507	-0.6158	5	9	9	1	2022	13	1.1818
338	risk-factors	-0.7018	0.2639	2	5	5	1	2023	1	0.1659
340	score	0.1841	-0.2096	4	25	26	5	2022	7.4	0.6174
341	scoring system	-0.1027	-0.6814	13	9	9	1	2019	106	2.4816
342	scoring systems	-0.3029	-0.9219	11	9	9	1	2020	24	1.1954
343	screening tool	1.0413	0.3452	7	9	9	1	2024	6	4.209
344	selection	-0.0247	0.6058	18	7	7	1	2023	6	0.9956
345	sensitivity	-0.3339	-0.934	11	9	9	1	2020	24	1.1954
346	serious illness	0.0262	0.0021	17	17	21	3	2023.3333	9.6667	1.7826
347	serum-albumin	0.0453	-0.5971	23	9	9	1	2025	1	5
348	services	0.342	-0.1129	12	9	9	1	2021	10	1.0825
349	shared decision-making	0.4612	0.3717	17	9	9	1	2023	12	1.9913
350	silence	0.63	-0.3331	4	8	8	1	2018	9	0.1506
351	skills	0.291	0.8186	1	14	16	2	2023	2.5	0.4148
352	sleep	0.6032	-0.3344	4	8	8	1	2018	9	0.1506
353	snappe-ii	-0.3794	-0.4949	12	2	2	1	2024	2	1.403
354	specificity	-0.3057	-0.9381	11	9	9	1	2020	24	1.1954
355	speech	0.7563	0.6641	1	6	6	1	2024	4	2.806
356	speech recognition	0.3755	-0.067	18	1	1	1	2025	0	0
357	stage iv cancer	0.3971	-0.3828	19	1	1	1	2019	66	1.5452
358	standard oncology care	-0.4742	0.3745	10	4	4	1	2020	21	1.046
359	suicide	0.2654	-0.4987	6	9	9	1	2023	4	0.6638
360	support	-0.6621	-0.1421	8	22	22	4	2023	7.5	0.6841
361	support tool	0.4469	0.3592	17	9	9	1	2023	12	1.9913
362	supportive care	1.6788	-0.3084	3	9	9	1	2024	3	2.1045
363	supportive care needs	-0.0889	0.2858	12	9	9	1	2024	0	0
364	surgery	0.0147	-0.459	14	35	36	4	2020.75	15	0.8953
365	surgical-treatment	-0.1234	-0.6845	13	9	9	1	2019	106	2.4816
366	surprise question	-0.5312	-0.2085	8	12	12	2	2020.5	16	0.5433
367	surveillance	-0.7024	0.2497	2	5	5	1	2023	1	0.1659
368	survival	0.2831	-0.288	13	92	126	20	2022.3	19.35	1.2146
369	survival prediction	0.9162	-0.1713	14	7	7	2	2023	5.5	0.9127
370	survivors	-0.7516	0.2119	2	15	15	2	2024	1	0.1659
371	sustaining treatment	-1.1144	0.1315	9	4	4	1	2023	1	0.1659
372	symptom burden	-0.6127	0.444	15	14	14	2	2022.5	1	0.4049
373	symptoms	-0.6405	0.0891	2	13	13	2	2024.5	0.5	0.3507
374	system	0.3305	-0.0707	18	24	26	7	2023	3.7143	0.5669
375	systemic inflammatory response	0.9513	-0.186	14	6	6	1	2023	7	1.1616
376	tailored information	-0.0128	0.4825	18	5	5	1	2024	0	0
377	team	-0.7984	-0.1336	8	7	7	1	2022	17	1.5455
378	telephone	0.4951	0.9447	1	4	4	1	2024	3	2.1045
379	terminally-ill	-0.4581	-0.1843	16	9	9	1	2022	7	0.6364
380	therapy	1.4683	-0.0803	3	12	12	2	2022.5	4	0.7296
381	think-aloud	0.5348	0.1643	19	2	2	1	2023	5	0.8297
382	time	-1.1403	0.0755	9	9	10	2	2022	9.5	1.0572
383	tool	-0.1461	-0.5489	13	25	28	5	2020	62.2	1.3582
384	tools	-0.3025	0.0664	21	5	5	1	2019	40	0.9365
385	toxicities	-0.7935	0.3571	2	9	9	1	2023	2	0.3319
386	tracheostomy	-0.5713	-0.3595	9	3	3	1	2023	5	0.8297
387	transformer	0.7648	0.6743	1	6	6	1	2024	4	2.806
388	triage	0.424	1.016	1	3	3	1	2024	0	0
389	unit	-0.1689	-0.1732	20	9	9	1	2020	22	1.0958
390	units	-0.9474	-0.7531	25	2	2	1	2023	25	4.1485
391	urinary-tract-infection	0.6929	-0.1034	14	9	9	1	2021	1	0.1082
392	usability evaluation	0.5409	0.1656	19	2	2	1	2023	5	0.8297
393	users guides	-0.4992	-0.8335	11	8	8	1	2023	1	0.1659
394	validation	-0.063	-0.1249	2	66	77	12	2021.8333	8.5	0.5287
395	validity	-0.3973	0.2533	2	9	9	1	2025	0	0
396	withdrawal	-1.1501	0.1391	9	15	16	3	2022.6667	6.6667	0.9386
397	women	0.2202	0.3597	18	4	4	2	2024	3	0.4978
