id	label	x	y	cluster	weight<Links>	weight<Total link strength>	weight<Documents>	weight<Citations>	weight<Norm. citations>	score<Avg. pub. year>	score<Avg. citations>	score<Avg. norm. citations>
2	austria	-0.4411	0.0767	7	9	10	3	9	0.4483	2022.6667	3	0.1494
3	belgium	-0.4288	-0.0179	6	8	8	1	0	0	2024	0	0
4	brazil	-1.0587	0.1398	3	1	1	2	7	1.1616	2023	3.5	0.5808
5	canada	1.484	-0.0176	4	3	6	11	32	6.5129	2023.2727	2.9091	0.5921
6	czech republic	1.5502	-0.016	4	2	2	1	1	0.1659	2023	1	0.1659
7	denmark	-0.3467	0.2712	5	1	1	1	4	0.6638	2023	4	0.6638
8	england	-0.6157	-0.2291	1	11	14	7	52	3.78	2022.5714	7.4286	0.54
9	germany	-0.3362	0.1919	5	11	13	10	38	3.7641	2023.1	3.8	0.3764
10	greece	-0.4391	-0.005	6	8	8	1	0	0	2024	0	0
13	ireland	-0.5368	-0.1113	1	9	11	4	30	2.191	2022.75	7.5	0.5478
14	israel	-0.3312	0.2641	5	1	1	1	26	1.295	2020	26	1.295
16	japan	0.9876	-0.0053	2	1	2	7	36	6.6258	2023.2857	5.1429	0.9465
18	netherlands	1.4841	-0.0128	4	3	6	6	45	3.2152	2022.3333	7.5	0.5359
19	new zealand	-0.6976	-0.3199	1	1	1	2	12	1.0909	2023.5	6	0.5455
20	norway	-0.4224	-0.0058	6	8	8	1	0	0	2024	0	0
21	peoples r china	0.9642	0.0294	2	1	1	3	9	4.499	2022.3333	3	1.4997
22	qatar	0.9676	-0.047	2	1	1	1	2	0.3319	2023	2	0.3319
24	scotland	-0.7327	0.0693	3	9	10	3	8	0.7793	2022.3333	2.6667	0.2598
27	spain	-1.0276	0.1331	3	2	3	4	19	2.2585	2021.75	4.75	0.5646
28	sweden	-0.6393	-0.2091	1	2	2	3	31	2.0108	2021.3333	10.3333	0.6703
29	switzerland	-0.4381	0.1484	7	2	3	4	10	1.1498	2023.25	2.5	0.2874
32	turkiye	0.9466	-0.0122	2	1	1	1	0	0	2024	0	0
33	usa	0.8198	-0.0065	2	14	22	97	1211	113.3661	2022.1753	12.4845	1.1687
34	wales	-0.712	-0.3085	1	1	1	1	0	0	2025	0	0
