1	12	1
1	17	1
1	32	1
1	47	1
1	147	1
1	167	1
1	253	1
1	254	1
1	255	1
1	268	1
1	302	1
1	334	1
1	364	1
1	391	1
1	394	1
2	118	1
2	148	1
2	237	1
2	246	1
2	286	1
2	322	1
2	324	1
2	362	1
2	368	1
3	16	1
3	76	1
3	149	1
3	253	1
3	263	1
3	307	1
3	364	1
3	389	1
3	394	1
4	30	1
4	52	1
4	70	1
4	82	1
4	131	1
4	139	1
4	146	1
4	181	1
4	194	1
4	197	1
4	199	1
4	219	1
4	253	1
4	266	1
4	272	1
4	282	1
4	299	1
4	351	1
5	9	1
5	33	1
5	41	1
5	59	1
5	119	2
5	131	2
5	143	1
5	174	1
5	203	2
5	231	1
5	234	1
5	278	1
5	283	1
5	291	1
5	303	1
5	335	1
5	368	2
5	383	1
6	33	1
6	59	1
6	99	1
6	113	1
6	131	1
6	157	1
6	295	1
6	301	1
6	316	1
7	42	1
7	59	1
7	141	1
7	170	1
7	231	1
7	300	1
7	340	1
8	37	1
8	67	1
8	91	1
8	153	1
8	171	1
8	233	1
8	241	1
8	276	1
8	336	1
9	41	1
9	99	1
9	119	1
9	157	1
9	232	1
9	234	1
9	278	1
9	291	1
9	335	1
9	368	1
9	383	1
10	26	1
10	37	1
10	99	1
10	105	1
10	130	2
10	187	1
10	244	1
10	253	1
10	260	1
10	266	1
10	284	1
10	294	1
10	297	1
10	317	1
10	360	1
10	377	1
11	157	1
11	189	1
11	191	1
11	358	1
12	17	1
12	32	1
12	47	1
12	147	1
12	254	1
12	334	1
12	364	1
12	391	1
13	19	1
13	49	1
13	59	1
13	92	1
13	99	1
13	131	1
13	152	1
13	179	1
13	195	1
13	203	1
13	244	1
13	263	1
13	266	1
13	330	1
13	331	1
13	366	1
13	394	1
14	30	1
14	41	1
14	52	1
14	131	1
14	156	1
14	157	1
14	241	1
14	346	1
15	32	1
15	52	1
15	79	1
15	83	1
15	108	1
15	113	1
15	131	1
15	157	1
15	173	1
15	183	1
15	185	1
15	253	2
15	257	1
15	295	1
15	312	1
15	314	1
15	394	1
16	30	1
16	33	1
16	41	1
16	44	1
16	68	1
16	76	1
16	90	1
16	123	2
16	132	1
16	149	1
16	157	1
16	196	1
16	212	1
16	215	1
16	232	1
16	234	1
16	240	1
16	253	1
16	263	2
16	283	1
16	289	1
16	307	1
16	340	1
16	364	1
16	374	1
16	389	1
16	394	2
17	32	1
17	47	1
17	147	1
17	182	1
17	254	1
17	269	1
17	279	1
17	309	1
17	334	1
17	364	1
17	369	1
17	375	1
17	391	1
18	20	1
18	38	1
18	59	1
18	79	2
18	115	1
18	216	1
18	231	1
18	247	1
18	350	1
18	352	1
19	25	1
19	30	1
19	59	1
19	131	3
19	157	2
19	164	1
19	179	1
19	180	1
19	203	2
19	232	1
19	253	1
19	257	1
19	266	1
19	302	1
19	368	1
20	79	1
20	216	1
21	136	1
21	234	1
21	263	1
21	338	1
21	367	1
22	52	1
22	66	1
22	80	1
22	227	1
22	278	1
22	335	1
22	359	1
22	374	1
22	394	1
23	28	1
23	41	1
23	96	1
23	111	1
23	163	1
23	220	1
23	229	1
23	393	1
24	49	1
24	55	1
24	71	2
24	96	1
24	128	1
24	131	2
24	168	1
24	189	1
24	252	1
24	253	1
24	258	1
24	266	2
24	267	1
24	292	1
24	300	1
24	312	1
24	368	2
24	379	1
25	59	1
25	131	1
25	157	1
25	164	1
25	180	1
25	203	1
25	302	1
25	368	1
26	37	1
26	59	1
26	130	1
26	131	1
26	157	1
26	209	1
26	260	1
26	266	1
26	294	1
26	297	1
26	317	1
26	360	1
26	368	1
27	66	1
27	111	1
27	233	1
27	250	1
27	323	1
27	342	1
27	345	1
27	354	1
27	364	1
28	41	1
28	96	1
28	111	1
28	163	1
28	220	1
28	229	1
28	393	1
29	126	1
29	190	1
29	211	1
29	233	1
29	262	1
29	266	1
29	337	1
29	364	1
29	368	1
30	41	1
30	44	1
30	48	1
30	52	1
30	66	1
30	68	1
30	78	1
30	79	1
30	90	1
30	114	1
30	122	1
30	131	4
30	156	1
30	157	4
30	177	1
30	181	1
30	194	1
30	196	1
30	197	1
30	199	1
30	212	1
30	219	1
30	232	1
30	234	1
30	241	1
30	252	1
30	253	2
30	257	1
30	266	1
30	289	1
30	290	1
30	299	1
30	308	1
30	335	1
30	340	1
30	346	2
30	347	1
30	368	1
30	376	1
30	381	1
30	392	1
30	394	1
31	61	1
31	169	1
31	189	1
31	263	1
31	265	1
31	300	1
31	373	1
32	47	1
32	108	1
32	131	1
32	147	1
32	157	1
32	185	1
32	253	1
32	254	1
32	257	1
32	312	1
32	334	1
32	364	1
32	391	1
32	394	1
33	41	1
33	59	2
33	69	1
33	87	1
33	99	1
33	101	1
33	113	2
33	123	1
33	131	4
33	132	2
33	140	1
33	157	3
33	174	1
33	185	1
33	203	1
33	205	1
33	211	1
33	226	1
33	231	1
33	232	1
33	240	2
33	257	1
33	261	1
33	266	1
33	283	2
33	285	1
33	295	1
33	301	2
33	303	1
33	313	1
33	316	2
33	368	1
34	43	1
34	52	1
34	63	1
34	120	1
34	124	1
34	237	1
34	259	1
34	368	1
34	380	1
35	99	1
35	198	1
35	248	1
36	60	1
36	248	1
36	257	1
36	266	1
36	282	1
36	333	1
36	351	1
37	67	1
37	91	1
37	113	1
37	130	1
37	153	1
37	157	1
37	171	1
37	233	1
37	234	1
37	241	1
37	260	1
37	266	1
37	276	1
37	292	1
37	294	1
37	297	1
37	317	1
37	335	1
37	336	1
37	360	1
37	368	1
38	59	1
38	79	1
38	115	1
38	231	1
38	247	1
38	350	1
38	352	1
39	131	1
39	383	1
40	75	1
40	100	1
40	172	1
40	207	1
40	215	1
40	396	1
41	48	1
41	52	1
41	59	1
41	84	1
41	96	1
41	99	1
41	107	1
41	111	1
41	119	1
41	123	1
41	131	1
41	132	1
41	156	1
41	157	2
41	159	1
41	163	1
41	220	1
41	229	1
41	232	1
41	234	1
41	240	1
41	241	1
41	278	1
41	283	1
41	291	1
41	335	1
41	346	1
41	368	1
41	383	1
41	384	1
41	393	1
42	59	1
42	141	1
42	170	1
42	231	1
42	300	1
42	340	1
43	52	1
43	53	1
43	63	1
43	120	1
43	124	1
43	237	1
43	257	1
43	259	1
43	368	1
43	380	1
44	68	1
44	90	1
44	196	1
44	234	1
44	289	1
44	340	1
44	394	1
45	73	1
45	114	1
45	134	1
45	213	1
45	234	1
45	271	1
45	291	1
45	310	1
45	320	1
45	368	2
45	394	1
46	79	1
46	88	1
46	176	1
46	199	1
46	355	1
46	387	1
47	147	1
47	254	1
47	334	1
47	364	1
47	391	1
48	50	1
48	56	1
48	59	1
48	72	1
48	78	1
48	85	1
48	93	1
48	94	1
48	99	1
48	101	1
48	107	1
48	109	1
48	112	1
48	136	1
48	157	1
48	179	1
48	185	2
48	193	1
48	196	1
48	201	1
48	215	1
48	224	1
48	266	1
48	272	1
48	288	1
48	312	1
48	326	1
48	363	1
48	368	1
48	370	1
48	376	1
48	384	1
48	385	1
49	92	1
49	128	1
49	131	1
49	168	1
49	189	1
49	195	1
49	253	1
49	258	1
49	267	1
49	312	1
49	330	1
50	185	1
50	193	1
50	272	1
52	58	1
52	63	1
52	66	2
52	70	1
52	79	3
52	80	1
52	82	1
52	83	1
52	85	1
52	89	1
52	99	1
52	109	1
52	113	1
52	114	1
52	120	1
52	121	1
52	124	1
52	131	4
52	137	1
52	139	1
52	146	1
52	151	1
52	156	1
52	157	2
52	173	1
52	179	1
52	183	1
52	191	1
52	200	1
52	203	1
52	206	1
52	222	1
52	223	1
52	227	1
52	232	1
52	234	1
52	237	1
52	241	1
52	252	1
52	253	2
52	255	1
52	259	1
52	266	3
52	272	1
52	276	1
52	278	1
52	282	1
52	291	1
52	295	2
52	296	1
52	304	1
52	305	1
52	314	1
52	318	1
52	335	1
52	341	1
52	346	1
52	348	1
52	349	1
52	351	1
52	359	1
52	360	1
52	361	1
52	365	1
52	368	3
52	374	1
52	380	1
52	383	1
52	394	1
53	257	1
54	231	1
54	266	1
54	300	1
55	71	1
55	96	1
55	106	1
55	131	1
55	252	1
55	266	1
55	297	1
55	300	1
55	311	1
55	316	1
55	368	1
55	372	1
55	379	1
56	93	1
56	109	1
56	136	1
56	215	1
56	266	1
56	288	1
56	370	1
56	385	1
57	113	1
57	116	1
57	157	1
57	228	1
57	257	1
58	79	1
58	121	1
58	131	1
58	157	1
58	206	1
58	222	1
58	349	1
58	361	1
59	66	1
59	79	1
59	81	1
59	96	1
59	99	2
59	107	1
59	110	1
59	113	1
59	115	1
59	131	5
59	141	1
59	157	3
59	158	1
59	164	1
59	170	1
59	174	1
59	177	1
59	180	1
59	184	1
59	203	2
59	209	1
59	231	3
59	239	1
59	247	1
59	274	1
59	283	1
59	295	2
59	300	1
59	301	1
59	302	1
59	303	1
59	316	1
59	318	1
59	340	1
59	350	1
59	352	1
59	357	1
59	360	1
59	366	1
59	368	4
59	383	1
59	384	1
60	248	1
60	257	1
60	266	1
60	282	1
60	333	1
60	351	1
61	113	1
61	131	1
61	132	1
61	157	1
61	169	1
61	189	1
61	256	1
61	263	1
61	265	1
61	266	1
61	300	1
61	373	1
63	120	1
63	124	1
63	131	1
63	177	1
63	182	1
63	203	1
63	237	1
63	259	1
63	266	1
63	368	1
63	374	1
63	380	1
64	160	1
64	161	1
64	165	1
64	214	1
64	245	1
64	263	1
64	272	1
64	280	1
64	372	1
65	78	1
65	154	1
65	293	1
65	316	1
65	329	1
65	344	1
65	368	1
66	74	1
66	80	1
66	99	1
66	104	1
66	111	1
66	114	2
66	122	1
66	131	2
66	145	1
66	158	1
66	159	1
66	227	1
66	232	1
66	233	1
66	234	1
66	236	1
66	243	1
66	250	1
66	251	1
66	252	2
66	266	1
66	278	1
66	290	1
66	291	1
66	296	1
66	304	1
66	306	1
66	323	1
66	335	4
66	341	1
66	342	1
66	345	1
66	347	1
66	354	1
66	359	1
66	360	1
66	364	1
66	365	1
66	366	1
66	368	2
66	374	1
66	383	2
66	394	1
67	91	1
67	153	1
67	171	1
67	233	1
67	241	1
67	276	1
67	336	1
68	90	1
68	196	1
68	234	1
68	289	1
68	340	1
68	394	1
69	87	1
69	101	1
69	131	1
69	140	1
69	205	1
69	261	1
69	285	1
69	313	1
70	82	1
70	139	1
70	146	1
70	266	1
70	272	1
70	282	1
70	351	1
71	96	1
71	131	1
71	252	1
71	266	2
71	292	1
71	300	1
71	368	2
71	379	1
72	94	1
72	112	1
72	201	1
73	114	1
73	271	1
73	310	1
73	320	1
73	368	1
74	104	1
74	145	1
74	236	1
74	243	1
74	251	1
74	291	1
74	306	1
74	335	1
75	100	1
75	172	1
75	207	1
75	215	1
75	396	1
76	149	1
76	253	1
76	263	1
76	307	1
76	364	1
76	389	1
76	394	1
77	103	1
77	125	1
77	142	1
77	157	1
77	221	1
77	225	1
77	255	1
77	298	1
77	343	1
78	154	1
78	157	1
78	293	1
78	316	1
78	329	1
78	344	1
78	368	2
78	376	1
79	83	1
79	88	1
79	101	1
79	113	1
79	115	1
79	121	1
79	127	2
79	131	2
79	151	2
79	157	2
79	173	1
79	174	1
79	175	1
79	176	1
79	183	1
79	199	1
79	204	1
79	206	1
79	212	1
79	215	1
79	216	1
79	222	2
79	230	1
79	231	1
79	234	1
79	247	1
79	252	1
79	253	1
79	263	1
79	266	2
79	272	1
79	295	1
79	312	1
79	314	1
79	316	1
79	346	2
79	349	1
79	350	1
79	352	1
79	355	1
79	361	1
79	387	1
79	394	1
80	227	1
80	278	1
80	335	1
80	359	1
80	374	1
80	394	1
81	131	1
81	274	1
82	139	1
82	146	1
82	266	1
82	272	1
82	282	1
82	351	1
83	113	1
83	173	1
83	183	1
83	253	1
83	295	1
83	314	1
84	159	1
85	89	1
85	101	1
85	131	1
85	179	1
85	185	1
85	196	1
85	203	1
85	224	1
85	234	1
85	255	1
85	291	1
85	305	1
85	312	1
85	326	1
85	348	1
85	363	1
87	101	1
87	131	1
87	140	1
87	205	1
87	261	1
87	285	1
87	313	1
88	176	1
88	199	1
88	355	1
88	387	1
89	131	1
89	203	1
89	234	1
89	255	1
89	291	1
89	305	1
89	348	1
90	196	1
90	234	1
90	289	1
90	340	1
90	394	1
91	153	1
91	171	1
91	233	1
91	241	1
91	276	1
91	336	1
92	195	1
92	330	1
93	109	1
93	136	1
93	215	1
93	266	1
93	288	1
93	370	1
93	385	1
94	112	1
94	201	1
95	234	1
95	353	1
96	111	1
96	131	1
96	163	1
96	220	1
96	229	1
96	252	1
96	266	1
96	295	1
96	300	1
96	318	1
96	368	1
96	379	1
96	393	1
97	232	1
97	234	1
97	386	1
98	157	1
98	185	1
99	107	1
99	109	1
99	113	2
99	130	1
99	131	3
99	150	1
99	152	1
99	155	1
99	157	3
99	159	1
99	187	1
99	192	1
99	198	1
99	210	1
99	232	1
99	234	1
99	235	1
99	244	2
99	248	1
99	249	1
99	252	1
99	253	1
99	257	1
99	263	1
99	266	1
99	270	1
99	272	1
99	284	1
99	295	2
99	300	1
99	301	1
99	316	1
99	335	2
99	340	1
99	366	1
99	368	1
99	371	1
99	377	1
99	382	1
99	384	1
99	394	2
99	395	1
99	396	1
100	172	1
100	207	1
100	215	1
100	396	1
101	127	1
101	131	2
101	140	1
101	174	1
101	179	1
101	185	1
101	196	1
101	204	1
101	205	1
101	222	1
101	224	1
101	261	1
101	266	1
101	285	1
101	312	2
101	313	1
101	326	1
101	346	1
101	363	1
103	125	1
103	142	1
103	157	1
103	221	1
103	225	1
103	255	1
103	298	1
103	343	1
104	145	1
104	236	1
104	243	1
104	251	1
104	291	1
104	306	1
104	335	1
106	297	1
106	311	1
106	316	1
106	372	1
107	384	1
108	131	1
108	157	1
108	185	1
108	253	1
108	257	1
108	312	1
108	394	1
109	113	1
109	131	1
109	136	1
109	157	1
109	215	1
109	235	1
109	249	1
109	266	1
109	288	1
109	300	1
109	370	1
109	385	1
109	394	1
109	395	1
110	177	1
110	184	1
110	239	1
111	163	1
111	220	1
111	229	1
111	233	1
111	250	1
111	323	1
111	342	1
111	345	1
111	354	1
111	364	1
111	393	1
112	201	1
113	116	1
113	131	3
113	132	1
113	151	1
113	157	4
113	173	1
113	183	1
113	185	1
113	211	1
113	226	1
113	228	1
113	234	1
113	235	1
113	249	1
113	252	1
113	253	1
113	256	1
113	257	2
113	266	3
113	292	1
113	295	2
113	300	1
113	301	2
113	314	1
113	315	1
113	316	2
113	335	1
113	368	1
113	394	1
113	395	1
114	122	1
114	131	1
114	232	1
114	252	1
114	266	1
114	271	1
114	290	1
114	296	1
114	304	1
114	310	1
114	320	1
114	335	1
114	341	1
114	347	1
114	365	1
114	368	2
114	383	1
115	231	1
115	247	1
115	350	1
115	352	1
116	157	1
116	228	1
116	238	1
116	257	1
117	208	1
117	217	1
117	232	1
117	275	1
117	382	1
117	396	1
118	148	1
118	237	1
118	246	1
118	286	1
118	322	1
118	324	1
118	362	1
118	368	1
119	131	1
119	143	1
119	203	1
119	234	1
119	278	1
119	291	1
119	335	1
119	368	1
119	383	1
120	124	1
120	237	1
120	259	1
120	368	1
120	380	1
121	131	1
121	157	1
121	206	1
121	222	1
121	349	1
121	361	1
122	131	1
122	252	1
122	266	1
122	290	1
122	335	1
122	347	1
123	132	1
123	157	1
123	215	1
123	232	1
123	240	1
123	263	1
123	283	1
123	374	1
124	237	1
124	259	1
124	368	1
124	380	1
125	142	1
125	157	1
125	221	1
125	225	1
125	255	1
125	298	1
125	343	1
126	190	1
126	211	1
126	233	1
126	262	1
126	266	1
126	337	1
126	364	1
126	368	1
127	131	1
127	174	1
127	204	1
127	222	1
127	234	1
127	266	1
127	312	1
127	346	1
127	394	1
128	131	1
128	168	1
128	189	1
128	253	1
128	258	1
128	267	1
128	312	1
129	266	1
129	383	1
130	187	1
130	244	1
130	253	1
130	260	1
130	266	1
130	284	1
130	294	1
130	297	1
130	317	1
130	360	1
130	377	1
131	133	1
131	137	1
131	140	1
131	143	1
131	144	1
131	155	1
131	156	1
131	157	9
131	159	1
131	164	1
131	168	1
131	172	1
131	174	2
131	177	1
131	179	1
131	180	1
131	181	1
131	182	1
131	185	2
131	189	1
131	191	1
131	194	1
131	197	1
131	199	1
131	200	1
131	203	7
131	204	1
131	205	1
131	206	1
131	209	1
131	211	1
131	219	1
131	222	2
131	223	1
131	226	1
131	231	1
131	232	1
131	234	2
131	235	1
131	241	1
131	249	1
131	252	3
131	253	5
131	255	1
131	257	3
131	258	1
131	261	1
131	266	8
131	267	2
131	274	1
131	276	1
131	283	1
131	285	1
131	290	1
131	291	1
131	295	2
131	299	1
131	300	2
131	301	2
131	302	1
131	303	1
131	305	1
131	312	3
131	313	1
131	316	3
131	318	1
131	335	2
131	346	2
131	347	1
131	348	1
131	349	1
131	361	1
131	368	4
131	374	2
131	379	1
131	383	1
131	390	1
131	394	2
131	395	1
132	157	2
132	232	1
132	240	2
132	256	1
132	266	1
132	283	1
133	266	1
133	276	1
133	316	1
134	213	1
134	234	1
134	291	1
134	368	1
134	394	1
135	186	1
135	328	1
135	360	1
135	370	1
135	373	1
135	394	1
136	215	1
136	234	1
136	263	1
136	266	1
136	288	1
136	338	1
136	367	1
136	370	1
136	385	1
137	191	1
137	200	1
137	223	1
137	253	1
137	266	1
137	295	1
137	318	1
138	316	1
138	374	1
138	397	1
139	146	1
139	266	1
139	272	1
139	282	1
139	351	1
139	397	1
140	205	1
140	261	1
140	285	1
140	313	1
141	170	1
141	231	1
141	300	1
141	340	1
142	157	1
142	221	1
142	225	1
142	255	1
142	298	1
142	343	1
143	203	1
144	390	1
145	236	1
145	243	1
145	251	1
145	291	1
145	306	1
145	335	1
146	266	1
146	272	1
146	282	1
146	351	1
147	182	1
147	199	1
147	254	1
147	263	1
147	334	1
147	340	1
147	364	1
147	391	1
147	394	1
148	237	1
148	246	1
148	286	1
148	322	1
148	324	1
148	362	1
148	368	1
149	253	1
149	263	1
149	307	1
149	364	1
149	389	1
149	394	1
150	210	1
150	257	1
150	270	1
150	272	1
150	295	1
151	252	2
151	263	1
151	266	1
151	272	1
151	315	1
152	244	1
152	263	1
152	366	1
152	394	1
153	171	1
153	233	1
153	241	1
153	276	1
153	336	1
154	293	1
154	316	1
154	329	1
154	344	1
154	368	1
155	172	1
155	267	1
155	371	1
155	382	1
155	396	1
156	157	1
156	241	1
156	346	1
157	164	1
157	180	1
157	185	2
157	189	1
157	191	1
157	203	1
157	206	1
157	209	1
157	212	1
157	221	1
157	222	1
157	225	1
157	228	1
157	232	3
157	234	1
157	235	1
157	240	2
157	241	1
157	249	1
157	253	2
157	255	1
157	257	3
157	276	1
157	283	1
157	292	1
157	295	2
157	297	1
157	298	1
157	300	1
157	301	1
157	302	1
157	312	1
157	316	1
157	335	1
157	343	1
157	346	2
157	349	1
157	358	1
157	361	1
157	368	4
157	376	1
157	394	2
157	395	1
158	360	1
158	366	1
158	368	1
158	383	1
159	234	1
159	252	1
159	335	1
160	161	1
160	165	1
160	214	1
160	245	1
160	263	1
160	272	1
160	280	1
160	372	1
161	165	1
161	214	1
161	245	1
161	263	1
161	272	1
161	280	1
161	372	1
162	319	1
162	321	1
162	380	1
163	220	1
163	229	1
163	393	1
164	180	1
164	203	1
164	302	1
164	368	1
165	214	1
165	245	1
165	263	1
165	272	1
165	280	1
165	372	1
167	253	1
167	255	1
167	268	1
167	302	1
167	394	1
168	189	1
168	253	1
168	258	1
168	267	1
168	312	1
169	189	1
169	263	1
169	265	1
169	300	1
169	373	1
170	231	1
170	300	1
170	340	1
171	233	1
171	241	1
171	276	1
171	336	1
172	207	1
172	215	1
172	267	1
172	396	1
173	183	1
173	253	1
173	295	1
173	314	1
174	203	1
174	204	1
174	222	1
174	231	1
174	266	1
174	283	1
174	303	1
174	312	1
174	346	1
174	368	1
175	266	1
176	199	1
176	355	1
176	387	1
177	182	1
177	184	1
177	203	1
177	239	1
177	266	1
177	308	1
177	374	1
179	185	1
179	196	1
179	203	1
179	224	1
179	266	1
179	276	1
179	312	1
179	326	1
179	363	1
180	203	1
180	302	1
180	368	1
181	194	1
181	197	1
181	199	1
181	219	1
181	253	1
181	257	1
181	277	1
181	299	1
181	325	1
181	378	1
182	203	1
182	263	1
182	266	1
182	269	1
182	279	1
182	309	1
182	340	1
182	369	1
182	374	1
182	375	1
182	394	1
183	253	1
183	295	1
183	314	1
184	239	1
185	193	1
185	196	1
185	211	1
185	224	1
185	226	1
185	253	1
185	257	2
185	266	1
185	272	1
185	301	1
185	312	2
185	316	1
185	326	1
185	363	1
185	394	1
186	328	1
186	360	1
186	370	1
186	373	1
186	394	1
187	244	1
187	253	1
187	284	1
187	377	1
188	231	1
188	327	1
189	191	1
189	253	1
189	258	1
189	263	1
189	265	1
189	267	1
189	300	1
189	312	1
189	358	1
189	373	1
190	211	1
190	233	1
190	262	1
190	266	1
190	337	1
190	364	1
190	368	1
191	200	1
191	223	1
191	253	1
191	266	1
191	295	1
191	318	1
191	358	1
192	335	1
192	340	1
193	272	1
194	197	1
194	199	1
194	219	1
194	253	1
194	299	1
195	330	1
196	224	1
196	234	1
196	289	1
196	312	1
196	326	1
196	340	1
196	363	1
196	394	1
197	199	1
197	219	1
197	253	1
197	299	1
198	248	1
199	219	1
199	253	1
199	291	1
199	299	1
199	355	1
199	387	1
200	223	1
200	253	1
200	266	1
200	295	1
200	318	1
202	203	1
202	340	1
202	368	1
203	231	1
203	234	1
203	255	1
203	266	2
203	283	1
203	291	1
203	302	1
203	303	1
203	305	1
203	340	1
203	348	1
203	368	3
203	374	2
204	222	1
204	266	1
204	312	1
204	346	1
205	261	1
205	285	1
205	313	1
206	222	1
206	349	1
206	361	1
207	215	1
207	396	1
208	217	1
208	232	1
208	275	1
208	382	1
208	396	1
209	368	1
210	257	1
210	270	1
210	272	1
210	295	1
211	226	1
211	233	1
211	257	1
211	262	1
211	266	2
211	301	1
211	316	1
211	337	1
211	364	1
211	368	1
212	346	1
213	234	1
213	291	1
213	368	1
213	394	1
214	245	1
214	263	1
214	272	1
214	280	1
214	372	1
215	230	1
215	263	1
215	266	1
215	288	1
215	316	1
215	370	1
215	374	1
215	385	1
215	396	1
217	232	1
217	275	1
217	382	1
217	396	1
219	253	1
219	299	1
220	229	1
220	393	1
221	225	1
221	255	1
221	298	1
221	343	1
222	266	1
222	312	1
222	346	1
222	349	1
222	361	1
223	253	1
223	266	1
223	295	1
223	318	1
224	312	1
224	326	1
224	363	1
225	255	1
225	298	1
225	343	1
226	257	1
226	266	1
226	301	1
226	316	1
227	278	1
227	335	1
227	359	1
227	374	1
227	394	1
228	257	1
229	393	1
230	316	1
231	247	1
231	266	1
231	283	1
231	300	2
231	303	1
231	327	1
231	340	1
231	350	1
231	352	1
231	368	1
232	234	1
232	240	1
232	253	1
232	257	1
232	275	1
232	283	1
232	296	1
232	304	1
232	341	1
232	365	1
232	368	1
232	382	1
232	383	1
232	386	1
232	396	1
233	241	1
233	250	1
233	262	1
233	266	1
233	276	1
233	323	1
233	336	1
233	337	1
233	342	1
233	345	1
233	354	1
233	364	2
233	368	1
234	252	1
234	255	1
234	263	1
234	278	1
234	289	1
234	291	3
234	292	1
234	305	1
234	335	3
234	338	1
234	340	1
234	348	1
234	353	1
234	367	1
234	368	3
234	383	1
234	386	1
234	394	3
235	249	1
235	300	1
235	394	1
235	395	1
236	243	1
236	251	1
236	291	1
236	306	1
236	335	1
237	246	1
237	259	1
237	286	1
237	322	1
237	324	1
237	362	1
237	368	2
237	380	1
240	283	1
241	276	1
241	336	1
241	346	1
242	248	1
242	277	1
242	388	1
243	251	1
243	291	1
243	306	1
243	335	1
244	253	1
244	263	1
244	284	1
244	366	1
244	377	1
244	394	1
245	263	1
245	272	1
245	280	1
245	372	1
246	286	1
246	322	1
246	324	1
246	362	1
246	368	1
247	350	1
247	352	1
248	257	1
248	266	1
248	277	1
248	282	1
248	333	1
248	351	1
248	388	1
249	300	1
249	394	1
249	395	1
250	323	1
250	342	1
250	345	1
250	354	1
250	364	1
251	291	1
251	306	1
251	335	1
252	266	3
252	290	1
252	300	1
252	315	1
252	335	2
252	347	1
252	368	1
252	379	1
253	255	1
253	257	2
253	258	1
253	263	1
253	266	1
253	267	1
253	268	1
253	284	1
253	295	2
253	299	1
253	302	1
253	307	1
253	312	2
253	314	1
253	318	1
253	364	1
253	377	1
253	389	1
253	394	3
254	334	1
254	364	1
254	391	1
255	268	1
255	291	1
255	298	1
255	302	1
255	305	1
255	343	1
255	348	1
255	394	1
256	266	1
257	266	2
257	270	1
257	272	1
257	277	1
257	282	1
257	295	1
257	301	1
257	312	1
257	316	1
257	325	1
257	333	1
257	351	1
257	378	1
257	394	1
258	267	1
258	312	1
259	368	1
259	380	1
260	266	1
260	294	1
260	297	1
260	317	1
260	360	1
261	285	1
261	313	1
262	266	1
262	337	1
262	364	1
262	368	1
263	265	1
263	272	2
263	280	1
263	300	1
263	307	1
263	338	1
263	340	1
263	364	1
263	366	1
263	367	1
263	372	1
263	373	1
263	374	1
263	389	1
263	394	3
264	266	1
264	332	1
265	300	1
265	373	1
266	272	1
266	276	1
266	282	2
266	288	1
266	290	1
266	292	1
266	294	1
266	295	1
266	297	1
266	300	2
266	301	1
266	312	1
266	315	1
266	316	2
266	317	1
266	318	1
266	332	1
266	333	1
266	335	2
266	337	1
266	346	1
266	347	1
266	351	2
266	360	1
266	364	1
266	368	6
266	370	1
266	374	1
266	379	1
266	383	1
266	385	1
266	394	1
267	312	1
268	302	1
268	394	1
269	279	1
269	309	1
269	369	1
269	375	1
270	272	1
270	295	1
271	310	1
271	320	1
271	368	1
272	280	1
272	282	1
272	295	1
272	351	1
272	372	1
275	382	1
275	396	1
276	297	1
276	316	1
276	336	1
277	325	1
277	378	1
277	388	1
278	291	1
278	335	2
278	359	1
278	368	1
278	374	1
278	383	1
278	394	1
279	309	1
279	369	1
279	375	1
280	372	1
282	333	1
282	351	2
283	303	1
283	368	1
284	377	1
285	313	1
286	322	1
286	324	1
286	362	1
286	368	1
288	370	1
288	385	1
289	340	1
289	394	1
290	335	1
290	347	1
291	305	1
291	306	1
291	335	2
291	348	1
291	368	2
291	383	1
291	394	1
292	335	1
292	368	2
293	316	1
293	329	1
293	344	1
293	368	1
294	297	1
294	317	1
294	360	1
295	301	1
295	314	1
295	316	1
295	318	2
296	304	1
296	341	1
296	365	1
296	368	1
296	383	1
297	311	1
297	316	1
297	317	1
297	360	1
297	372	1
298	343	1
300	340	1
300	368	1
300	373	1
300	379	1
300	394	1
300	395	1
301	316	2
302	368	1
302	394	1
303	368	1
304	341	1
304	365	1
304	368	1
304	383	1
305	348	1
306	335	1
307	364	1
307	389	1
307	394	1
309	369	1
309	375	1
310	320	1
310	368	1
311	316	1
311	372	1
312	326	1
312	346	1
312	363	1
312	394	1
316	329	1
316	344	1
316	368	1
316	372	1
316	374	1
316	397	1
317	360	1
319	321	1
319	380	1
320	368	1
321	380	1
322	324	1
322	362	1
322	368	1
323	342	1
323	345	1
323	354	1
323	364	1
324	362	1
324	368	1
325	378	1
326	363	1
328	360	1
328	370	1
328	373	1
328	394	1
329	344	1
329	368	1
333	351	1
334	364	1
334	391	1
335	340	1
335	347	1
335	359	1
335	368	3
335	374	1
335	383	1
335	394	1
337	364	1
337	368	1
338	367	1
340	368	1
340	394	2
341	365	1
341	368	1
341	383	1
342	345	1
342	354	1
342	364	1
344	368	1
345	354	1
345	364	1
349	361	1
350	352	1
354	364	1
355	387	1
356	374	1
359	374	1
359	394	1
360	366	1
360	368	1
360	370	1
360	373	1
360	383	1
360	394	1
362	368	1
364	368	1
364	389	1
364	391	1
364	394	1
365	368	1
365	383	1
366	368	1
366	383	1
366	394	1
368	376	1
368	379	1
368	380	1
368	383	3
368	394	1
369	374	1
369	375	1
370	373	1
370	385	1
370	394	1
371	382	1
371	396	1
373	394	1
374	394	1
374	397	1
381	392	1
382	396	2
389	394	1
394	395	1
